1.66068678072942 -8.843967115209027 -7.10511263150577 -7.07151421295243 -6.999893606974537 -11.02959481525754 -7.778248344888214 -6.355590478462008 -12.11874113956787 -7.190018863873578
1.369989957237693 -7.000558578695022 -6.139753848571567 -6.482826202804297 -6.410541052871142 -6.74168498185345 -6.039686414977323 -6.335510995784793 -11.95417257304833 -7.196150196327361
0.9376604765202732 -9.816334292934854 -17.67898154833606 -2.715250806073783 -9.390288334718871 7.646541130242806 -2.296118549511048 -9.607607193071008 -10.40599280024226 -10.9243375113648
1.816777561486649 -7.577840795433629 -6.545728901386305 -11.144205876662 -0.7082979500079887 -11.08671463763885 -9.060859600472007 -7.122017423698137 -8.349553274822652 -6.989621098951107
1.412513465126994 -28.09999298257199 -29.8839750292291 13.63209596648916 4.896902196542952 66.84583311883289 -32.11052036994995 0.1547006775301958 -21.93451247170623 26.55754268621404
1.513319975027957 -14.4110475718928 -19.58914497317473 -18.60729946804705 -0.2264522908402248 -2.741552851878975 13.93612183304435 -15.29521839147944 -33.2299763087367 -4.136988425553467
1.700804869462488 -15.22421114852822 -20.61501380148948 -22.17638817751541 -13.83127190240815 -21.83785681224004 -20.30957633433232 -26.96017603146694 -27.41361363473509 -23.80298285848152
0.9368918851339177 6.815950862803184 -17.67871727147842 -15.10266546564766 -17.45295764448167 -4.770050560659103 -2.066353768696658 0.4636560323806875 -4.007475880309563 -12.04958210683506
1.286960609877407 -19.31031745221467 -7.420779871605792 -5.450043200767702 4.873022671428711 -10.65110469310713 -9.175243137001992 11.74886058420696 -8.948227772364767 -23.03555602940573
1.238170833293116 -6.614065252693816 -1.771726001849485 -6.314728150047404 -5.743590412911562 -6.795678249239543 -10.9504843299516 -6.352843218703743 -6.797730198965993 -6.14709465792451
1.755500583823771 -13.74869573165927 -10.16609132447299 -6.563215955831835 -7.724088343316104 -8.058102690124002 -11.21424309234765 -5.531828800124468 -9.481162029062689 -6.939849221884481
1.360404056895003 2.093784026218047 1.61759035694937 3.593507417791697 4.327479382933805 1.842608011062053 1.314290296557149 5.101663683133588 3.153994455194256 -40.41126115304261
1.021325295153041 -8.277249030454758 -9.663844533573368 -9.055306180762253 -13.25777706108564 1.60896944580905 -4.197018940841859 -3.469772147464544 10.5209125690135 -14.23387102620481
1.667765945490089 -15.10693601263783 7.378060092669751 -5.827076506829453 -13.80217546361657 -11.91616512017101 -12.98775200675311 -3.649874882896168 -12.00947311125416 -7.618308528060686
1.134022422410029 -11.8431272321861 -4.123284081629458 9.452887878620018 -18.66109924995833 -12.19352879394434 -10.41713660468379 -11.20917864629265 -6.632570927601709 -16.7555388378647